InputID,TargetID,Distância km
1,2,2095
1,3,1448
1,4,2294
1,5,2318
1,6,2337
1,7,13941
1,8,18581
1,9,17578
1,10,18106
1,11,18312
1,12,18378
1,13,18018
1,14,14403
1,15,15633
1,16,15929
1,17,18490
1,18,18535
1,19,18773
1,20,16756
1,21,15905
1,22,15937
1,23,13258
1,24,16009
1,25,16417
1,26,16412
1,27,18769
1,28,16855
1,29,17171
1,30,9776
1,31,9355
1,32,10615
1,33,10627
1,34,9414
1,35,9464
1,36,10098
1,37,9436
1,38,9421
1,39,10230
1,40,9751
1,41,11133
1,42,10536
1,43,9587
1,44,10900
1,45,10141
1,46,11767
1,47,11520
1,48,10525
1,49,7909
1,50,8154
1,51,9174
1,52,9619
1,53,11001
1,54,11049
1,55,9899
1,56,8742
1,57,8889
1,58,10105
1,59,9628
1,60,10232
1,61,10149
1,62,9853
1,63,8355
1,64,8743
1,65,11222
1,66,10097
1,67,11277
2,1,2095
2,3,648
2,4,263
2,5,1199
2,6,625
2,7,11852
2,8,16506
2,9,15483
2,10,16057
2,11,16257
2,12,17316
2,13,16343
2,14,12594
2,15,15486
2,16,16223
2,17,16907
2,18,16920
2,19,16924
2,20,15307
2,21,15196
2,22,15076
2,23,12114
2,24,15420
2,25,15157
2,26,15140
2,27,16872
2,28,15809
2,29,15576
2,30,7693
2,31,7337
2,32,8523
2,33,8585
2,34,7320
2,35,7371
2,36,8007
2,37,7382
2,38,7365
2,39,8135
2,40,7685
2,41,9039
2,42,8469
2,43,7497
2,44,8839
2,45,8048
2,46,9673
2,47,9442
2,48,8438
2,49,5837
2,50,6089
2,51,7100
2,52,7539
2,53,8911
2,54,8966
2,55,7814
2,56,6650
2,57,6802
2,58,8010
2,59,7557
2,60,8148
2,61,8054
2,62,7757
2,63,6271
2,64,6650
2,65,9149
2,66,8140
2,67,9208
3,1,1448
3,2,648
3,4,858
3,5,1313
3,6,1011
3,7,12498
3,8,17150
3,9,16130
3,10,16696
3,11,16898
3,12,17795
3,13,16913
3,14,13165
3,15,15621
3,16,16239
3,17,17469
3,18,17489
3,19,17535
3,20,15807
3,21,15493
3,22,15414
3,23,12491
3,24,15688
3,25,15606
3,26,15592
3,27,17491
3,28,16216
3,29,16116
3,30,8336
3,31,7959
3,32,9170
3,33,9216
3,34,7967
3,35,8018
3,36,8653
3,37,8016
3,38,7999
3,39,8783
3,40,8323
3,41,9686
3,42,9108
3,43,8143
3,44,9475
3,45,8695
3,46,10320
3,47,10084
3,48,9083
3,49,6477
3,50,6726
3,51,7741
3,52,8182
3,53,9557
3,54,9610
3,55,8459
3,56,7296
3,57,7447
3,58,8658
3,59,8196
3,60,8793
3,61,8701
3,62,8405
3,63,6915
3,64,7297
3,65,9790
3,66,8743
3,67,9847
4,1,2294
4,2,263
4,3,858
4,5,1056
4,6,425
4,7,11673
4,8,16326
4,9,15285
4,10,15838
4,11,16040
4,12,17262
4,13,16242
4,14,12504
4,15,15602
4,16,16376
4,17,16654
4,18,16668
4,19,16685
4,20,15257
4,21,15248
4,22,15111
4,23,12142
4,24,15484
4,25,15136
4,26,15118
4,27,16727
4,28,15806
4,29,15501
4,30,7482
4,31,7103
4,32,8322
4,33,8357
4,34,7136
4,35,7171
4,36,7804
4,37,7157
4,38,7141
4,39,7944
4,40,7465
4,41,8851
4,42,8309
4,43,7293
4,44,8617
4,45,7866
4,46,9474
4,47,9228
4,48,8264
4,49,5620
4,50,5868
4,51,6938
4,52,7327
4,53,8707
4,54,8756
4,55,7642
4,56,6449
4,57,6595
4,58,7815
4,59,7339
4,60,7977
4,61,7859
4,62,7564
4,63,6061
4,64,6450
4,65,8933
4,66,7896
4,67,8990
5,1,2318
5,2,1199
5,3,1313
5,4,1056
5,6,647
5,7,12004
5,8,16524
5,9,15429
5,10,15821
5,11,16028
5,12,17934
5,13,16805
5,14,13193
5,15,16657
5,16,17421
5,17,16301
5,18,16332
5,19,16478
5,20,16026
5,21,16249
5,22,16085
5,23,13119
5,24,16498
5,25,15990
5,26,15968
5,27,17075
5,28,16692
5,29,16181
5,30,7697
5,31,7141
5,32,8578
5,33,8432
5,34,7509
5,35,7456
5,36,8056
5,37,7276
5,38,7266
5,39,8270
5,40,7615
5,41,9180
5,42,8786
5,43,7547
5,44,8736
5,45,8241
5,46,9725
5,47,9393
5,48,8671
5,49,5823
5,50,6042
5,51,7423
5,52,7529
5,53,8942
5,54,8947
5,55,8069
5,56,6745
5,57,6846
5,58,8114
5,59,7508
5,60,8402
5,61,8161
5,62,7881
5,63,6310
5,64,6745
5,65,9086
5,66,7823
5,67,9128
6,1,2337
6,2,625
6,3,1011
6,4,425
6,5,647
6,7,11724
6,8,16349
6,9,15276
6,10,15769
6,11,15975
6,12,17490
6,13,16414
6,14,12714
6,15,16013
6,16,16799
6,17,16460
6,18,16481
6,19,16550
6,20,15511
6,21,15616
6,22,15464
6,23,12494
6,24,15861
6,25,15429
6,26,15409
6,27,16816
6,28,16116
6,29,15717
6,30,7471
6,31,7018
6,32,8331
6,33,8292
6,34,7191
6,35,7189
6,36,7810
6,37,7106
6,38,7092
6,39,7982
6,40,7428
6,41,8893
6,42,8413
6,43,7298
6,44,8571
6,45,7924
6,46,9485
6,47,9203
6,48,8337
6,49,5596
6,50,5834
6,51,7042
6,52,7310
6,53,8709
6,54,8740
6,55,7722
6,56,6468
6,57,6596
6,58,7841
6,59,7309
6,60,8058
6,61,7886
6,62,7596
6,63,6059
6,64,6469
6,65,8902
6,66,7771
6,67,8953
7,1,13941
7,2,11852
7,3,12498
7,4,11673
7,5,12004
7,6,11724
7,8,4654
7,9,3662
7,10,4353
7,11,4525
7,12,5988
7,13,4847
7,14,2540
7,15,7171
7,16,7840
7,17,5613
7,18,5586
7,19,5351
7,20,4580
7,21,6053
7,22,5731
7,23,5195
7,24,6295
7,25,4908
7,26,4878
7,27,5095
7,28,5486
7,29,4453
7,30,4322
7,31,5047
7,32,3430
7,33,3791
7,34,4539
7,35,4548
7,36,3951
7,37,4812
7,38,4813
7,39,3743
7,40,4450
7,41,2832
7,42,3432
7,43,4458
7,44,3426
7,45,3807
7,46,2300
7,47,2733
7,48,3416
7,49,6184
7,50,5976
7,51,4775
7,52,4494
7,53,3081
7,54,3118
7,55,4042
7,56,5263
7,57,5157
7,58,3892
7,59,4537
7,60,3709
7,61,3845
7,62,4130
7,63,5694
7,64,5263
7,65,3041
7,66,4674
7,67,3029
8,1,18581
8,2,16506
8,3,17150
8,4,16326
8,5,16524
8,6,16349
8,7,4654
8,9,1097
8,10,963
8,11,821
8,12,1844
8,13,1254
8,14,4299
8,15,4428
8,16,4471
8,17,1799
8,18,1740
8,19,1309
8,20,2429
8,21,3787
8,22,3640
8,23,5860
8,24,3793
8,25,2894
8,26,2887
8,27,675
8,28,2740
8,29,1937
8,30,8878
8,31,9384
8,32,8019
8,33,8095
8,34,9190
8,35,9165
8,36,8540
8,37,9262
8,38,9273
8,39,8383
8,40,8930
8,41,7475
8,42,8047
8,43,9052
8,44,7797
8,45,8460
8,46,6865
8,47,7152
8,48,8068
8,49,10754
8,50,10520
8,51,9412
8,52,9040
8,53,7640
8,54,7611
8,55,8692
8,56,9886
8,57,9753
8,58,8516
8,59,9045
8,60,8358
8,61,8471
8,62,8765
8,63,10290
8,64,9886
8,65,7456
8,66,8717
8,67,7409
9,1,17578
9,2,15483
9,3,16130
9,4,15285
9,5,15429
9,6,15276
9,7,3662
9,8,1097
9,10,785
9,11,904
9,12,2866
9,13,1986
9,14,3816
9,15,5216
9,16,5407
9,17,2139
9,18,2096
9,19,1764
9,20,2797
9,21,4399
9,22,4184
9,23,5865
9,24,4473
9,25,3308
9,26,3292
9,27,1718
9,28,3386
9,29,2327
9,30,7809
9,31,8290
9,32,6963
9,33,7002
9,34,8169
9,35,8114
9,36,7482
9,37,8176
9,38,8188
9,39,7349
9,40,7849
9,41,6448
9,42,7090
9,43,7993
9,44,6710
9,45,7445
9,46,5811
9,47,6073
9,48,7072
9,49,9682
9,50,9443
9,51,8437
9,52,7968
9,53,6579
9,54,6538
9,55,7699
9,56,8836
9,57,8692
9,58,7473
9,59,7967
9,60,7368
9,61,7429
9,62,7726
9,63,9227
9,64,8835
9,65,6375
9,66,7621
9,67,6325
10,1,18106
10,2,16057
10,3,16696
10,4,15838
10,5,15821
10,6,15769
10,7,4353
10,8,963
10,9,785
10,11,207
10,12,2777
10,13,2183
10,14,4588
10,15,5390
10,16,5421
10,17,1355
10,18,1312
10,19,1004
10,20,3246
10,21,4714
10,22,4544
10,23,6519
10,24,4737
10,25,3740
10,26,3729
10,27,1624
10,28,3669
10,29,2752
10,30,8367
10,31,8752
10,32,7552
10,33,7484
10,34,8799
10,35,8704
10,36,8063
10,37,8681
10,38,8697
10,39,7969
10,40,8373
10,41,7083
10,42,7784
10,43,8570
10,44,7221
10,45,8087
10,46,6411
10,47,6617
10,48,7735
10,49,10220
10,50,9970
10,51,9111
10,52,8519
10,53,7160
10,54,7094
10,55,8360
10,56,9423
10,57,9261
10,58,8078
10,59,8500
10,60,8034
10,61,8036
10,62,8336
10,63,9789
10,64,9422
10,65,6908
10,66,8012
10,67,6849
11,1,18312
11,2,16257
11,3,16898
11,4,16040
11,5,16028
11,6,15975
11,7,4525
11,8,821
11,9,904
11,10,207
11,12,2600
11,13,2067
11,14,4661
11,15,5245
11,16,5249
11,17,1259
11,18,1212
11,19,860
11,20,3179
11,21,4602
11,22,4444
11,23,6509
11,24,4613
11,25,3664
11,26,3655
11,27,1460
11,28,3555
11,29,2683
11,30,8566
11,31,8957
11,32,7747
11,33,7688
11,34,8988
11,35,8899
11,36,8258
11,37,8884
11,38,8900
11,39,8159
11,40,8575
11,41,7270
11,42,7957
11,43,8766
11,44,7423
11,45,8273
11,46,6603
11,47,6816
11,48,7916
11,49,10421
11,50,10172
11,51,9290
11,52,8718
11,53,7355
11,54,7292
11,55,8542
11,56,9618
11,57,9458
11,58,8270
11,59,8701
11,60,8215
11,61,8228
11,62,8527
11,63,9988
11,64,9618
11,65,7108
11,66,8219
11,67,7050
12,1,18378
12,2,17316
12,3,17795
12,4,17262
12,5,17934
12,6,17490
12,7,5988
12,8,1844
12,9,2866
12,10,2777
12,11,2600
12,13,1144
12,14,4776
12,15,2779
12,16,2652
12,17,3046
12,18,2991
12,19,2629
12,20,2010
12,21,2489
12,22,2489
12,23,5328
12,24,2371
12,25,2190
12,26,2204
12,27,1170
12,28,1613
12,29,1773
12,30,10310
12,31,10969
12,32,9417
12,33,9677
12,34,10438
12,35,10518
12,36,9936
12,37,10781
12,38,10785
12,39,9695
12,40,10426
12,41,8789
12,42,9149
12,43,10439
12,44,9345
12,45,9709
12,46,8286
12,47,8666
12,48,9273
12,49,12166
12,50,11964
12,51,10511
12,52,10482
12,53,9068
12,54,9089
12,55,9870
12,56,11220
12,57,11135
12,58,9859
12,59,10521
12,60,9538
12,61,9812
12,62,10085
12,63,11668
12,64,11219
12,65,8977
12,66,10401
12,67,8946
13,1,18018
13,2,16343
13,3,16913
13,4,16242
13,5,16805
13,6,16414
13,7,4847
13,8,1254
13,9,1986
13,10,2183
13,11,2067
13,12,1144
13,14,3751
13,15,3243
13,16,3438
13,17,2964
13,18,2904
13,19,2476
13,20,1280
13,21,2535
13,22,2387
13,23,4790
13,24,2555
13,25,1688
13,26,1686
13,27,806
13,28,1488
13,29,847
13,30,9169
13,31,9847
13,32,8275
13,33,8559
13,34,9299
13,35,9374
13,36,8793
13,37,9647
13,38,9651
13,39,8552
13,40,9290
13,41,7645
13,42,8023
13,43,9296
13,44,8220
13,45,8569
13,46,7146
13,47,7537
13,48,8136
13,49,11023
13,50,10821
13,51,9389
13,52,9341
13,53,7928
13,54,7953
13,55,8736
13,56,10077
13,57,9991
13,58,8716
13,59,9382
13,60,8403
13,61,8668
13,62,8942
13,63,10524
13,64,10076
13,65,7848
13,66,9315
13,67,7821
14,1,14403
14,2,12594
14,3,13165
14,4,12504
14,5,13193
14,6,12714
14,7,2540
14,8,4299
14,9,3816
14,10,4588
14,11,4661
14,12,4776
14,13,3751
14,15,4977
14,16,5810
14,17,5920
14,18,5871
14,19,5486
14,20,2847
14,21,3868
14,22,3550
14,23,2722
14,24,4149
14,25,2946
14,26,2918
14,27,4378
14,28,3649
14,29,3003
14,30,6133
14,31,7087
14,32,5272
14,33,5979
14,34,5946
14,35,6171
14,36,5726
14,37,6745
14,38,6733
14,39,5355
14,40,6377
14,41,4553
14,42,4568
14,43,6161
14,44,5592
14,45,5271
14,46,4369
14,47,4935
14,48,4809
14,49,7786
14,50,7652
14,51,5861
14,52,6307
14,53,5038
14,54,5180
14,55,5329
14,56,6789
14,57,6784
14,58,5557
14,59,6413
14,60,5021
14,61,5510
14,62,5723
14,63,7270
14,64,6789
14,65,5208
14,66,6957
14,67,5231
15,1,15633
15,2,15486
15,3,15621
15,4,15602
15,5,16657
15,6,16013
15,7,7171
15,8,4428
15,9,5216
15,10,5390
15,11,5245
15,12,2779
15,13,3243
15,14,4977
15,16,983
15,17,5825
15,18,5770
15,19,5402
15,20,2703
15,21,1124
15,22,1448
15,23,3855
15,24,879
15,25,2286
15,26,2315
15,27,3796
15,28,1874
15,29,3026
15,30,11106
15,31,12059
15,32,10248
15,33,10901
15,34,10828
15,35,11111
15,36,10699
15,37,11722
15,38,11710
15,39,10312
15,40,11353
15,41,9530
15,42,9443
15,43,11118
15,44,10519
15,45,10201
15,46,9304
15,47,9837
15,48,9740
15,49,12665
15,50,12567
15,51,10605
15,52,11278
15,53,10006
15,54,10131
15,55,10202
15,56,11677
15,57,11708
15,58,10519
15,59,11388
15,60,9920
15,61,10472
15,62,10667
15,63,12159
15,64,11677
15,65,10129
15,66,11836
15,67,10138
16,1,15929
16,2,16223
16,3,16239
16,4,16376
16,5,17421
16,6,16799
16,7,7840
16,8,4471
16,9,5407
16,10,5421
16,11,5249
16,12,2652
16,13,3438
16,14,5810
16,15,983
16,17,5592
16,18,5543
16,19,5227
16,20,3264
16,21,1961
16,22,2267
16,23,4838
16,24,1670
16,25,2949
16,26,2978
16,27,3799
16,28,2360
16,29,3469
16,30,11935
16,31,12834
16,32,11057
16,33,11623
16,34,11726
16,35,11979
16,36,11528
16,37,12528
16,38,12519
16,39,11165
16,40,12157
16,41,10347
16,42,10339
16,43,11971
16,44,11248
16,45,11074
16,46,10055
16,47,10557
16,48,10612
16,49,13570
16,50,13453
16,51,11540
16,52,12109
16,53,10786
16,54,10888
16,55,11102
16,56,12575
16,57,12588
16,58,11366
16,59,12206
16,60,10808
16,61,11319
16,62,11531
16,63,13058
16,64,12575
16,65,10858
16,66,12508
16,67,10857
17,1,18490
17,2,16907
17,3,17469
17,4,16654
17,5,16301
17,6,16460
17,7,5613
17,8,1799
17,9,2139
17,10,1355
17,11,1259
17,12,3046
17,13,2964
17,14,5920
17,15,5825
17,16,5592
17,18,60
17,19,492
17,20,4208
17,21,5404
17,22,5309
17,23,7658
17,24,5349
17,25,4649
17,26,4646
17,27,2183
17,28,4381
17,29,3723
17,30,9390
17,31,9614
17,32,8635
17,33,8406
17,34,9929
17,35,9772
17,36,9125
17,37,9614
17,38,9636
17,39,9091
17,40,9342
17,41,8238
17,42,9017
17,43,9618
17,44,8192
17,45,9242
17,46,7526
17,47,7648
17,48,8924
17,49,11180
17,50,10914
17,51,10305
17,52,9527
17,53,8237
17,54,8135
17,55,9542
17,56,10475
17,57,10285
17,58,9176
17,59,9482
17,60,9226
17,61,9138
17,62,9440
17,63,10795
17,64,10474
17,65,7920
17,66,8778
17,67,7848
18,1,18535
18,2,16920
18,3,17489
18,4,16668
18,5,16332
18,6,16481
18,7,5586
18,8,1740
18,9,2096
18,10,1312
18,11,1212
18,12,2991
18,13,2904
18,14,5871
18,15,5770
18,16,5543
18,17,60
18,19,433
18,20,4149
18,21,5345
18,22,5250
18,23,7600
18,24,5292
18,25,4590
18,26,4586
18,27,2123
18,28,4322
18,29,3664
18,30,9384
18,31,9618
18,32,8624
18,33,8406
18,34,9916
18,35,9763
18,36,9117
18,37,9614
18,38,9636
18,39,9078
18,40,9339
18,41,8222
18,42,8995
18,43,9611
18,44,8188
18,45,9226
18,46,7512
18,47,7640
18,48,8906
18,49,11179
18,50,10914
18,51,10287
18,52,9522
18,53,8227
18,54,8127
18,55,9525
18,56,10468
18,57,10280
18,58,9165
18,59,9479
18,60,9207
18,61,9126
18,62,9428
18,63,10791
18,64,10467
18,65,7913
18,66,8787
18,67,7843
19,1,18773
19,2,16924
19,3,17535
19,4,16685
19,5,16478
19,6,16550
19,7,5351
19,8,1309
19,9,1764
19,10,1004
19,11,860
19,12,2629
19,13,2476
19,14,5486
19,15,5402
19,16,5227
19,17,492
19,18,433
19,20,3716
19,21,4936
19,22,4833
19,23,7168
19,24,4893
19,25,4160
19,26,4156
19,27,1703
19,28,3906
19,29,3231
19,30,9282
19,31,9587
19,32,8492
19,33,8347
19,34,9761
19,35,9641
19,36,8995
19,37,9553
19,38,9572
19,39,8926
19,40,9262
19,41,8052
19,42,8778
19,43,9497
19,44,8107
19,45,9057
19,46,7362
19,47,7531
19,48,8717
19,49,11110
19,50,10851
19,51,10096
19,52,9428
19,53,8097
19,54,8014
19,55,9340
19,56,10354
19,57,10179
19,58,9026
19,59,9396
19,60,9017
19,61,8985
19,62,9287
19,63,10700
19,64,10353
19,65,7814
19,66,8792
19,67,7749
20,1,16756
20,2,15307
20,3,15807
20,4,15257
20,5,16026
20,6,15511
20,7,4580
20,8,2429
20,9,2797
20,10,3246
20,11,3179
20,12,2010
20,13,1280
20,14,2847
20,15,2703
20,16,3264
20,17,4208
20,18,4149
20,19,3716
20,21,1687
20,22,1424
20,23,3510
20,24,1844
20,25,512
20,26,495
20,27,2085
20,28,906
20,29,496
20,30,8776
20,31,9606
20,32,7881
20,33,8369
20,34,8726
20,35,8893
20,36,8377
20,37,9332
20,38,9327
20,39,8062
20,40,8962
20,41,7193
20,42,7372
20,43,8851
20,44,8000
20,45,8022
20,46,6826
20,47,7306
20,48,7566
20,49,10540
20,50,10378
20,51,8695
20,52,8952
20,53,7580
20,54,7660
20,55,8123
20,56,9553
20,57,9515
20,58,8249
20,59,9027
20,60,7802
20,61,8201
20,62,8445
20,63,10026
20,64,9552
20,65,7611
20,66,9244
20,67,7605
21,1,15905
21,2,15196
21,3,15493
21,4,15248
21,5,16249
21,6,15616
21,7,6053
21,8,3787
21,9,4399
21,10,4714
21,11,4602
21,12,2489
21,13,2535
21,14,3868
21,15,1124
21,16,1961
21,17,5404
21,18,5345
21,19,4936
21,20,1687
21,22,324
21,23,3135
21,24,296
21,25,1215
21,26,1242
21,27,3239
21,28,1047
21,29,2092
21,30,10001
21,31,10940
21,32,9136
21,33,9777
21,34,9765
21,35,10026
21,36,9594
21,37,10610
21,38,10599
21,39,9218
21,40,10240
21,41,8420
21,42,8378
21,43,10024
21,44,9395
21,45,9119
21,46,8181
21,47,8713
21,48,8657
21,49,11609
21,50,11495
21,51,9586
21,52,10175
21,53,8887
21,54,9009
21,55,9141
21,56,10614
21,57,10631
21,58,9422
21,59,10280
21,60,8849
21,61,9375
21,62,9579
21,63,11097
21,64,10614
21,65,9005
21,66,10713
21,67,9014
22,1,15937
22,2,15076
22,3,15414
22,4,15111
22,5,16085
22,6,15464
22,7,5731
22,8,3640
22,9,4184
22,10,4544
22,11,4444
22,12,2489
22,13,2387
22,14,3550
22,15,1448
22,16,2267
22,17,5309
22,18,5250
22,19,4833
22,20,1424
22,21,324
22,23,2970
22,24,599
22,25,930
22,26,954
22,27,3129
22,28,930
22,29,1860
22,30,9683
22,31,10618
22,32,8816
22,33,9454
22,34,9460
22,35,9714
22,36,9276
22,37,10290
22,38,10279
22,39,8903
22,40,9920
22,41,8101
22,42,8073
22,43,9709
22,44,9071
22,45,8808
22,46,7858
22,47,8389
22,48,8346
22,49,11304
22,50,11186
22,51,9293
22,52,9857
22,53,8565
22,54,8686
22,55,8836
22,56,10308
22,57,10321
22,58,9106
22,59,9961
22,60,8541
22,61,9059
22,62,9266
22,63,10791
22,64,10308
22,65,8681
22,66,10389
22,67,8690
23,1,13258
23,2,12114
23,3,12491
23,4,12142
23,5,13119
23,6,12494
23,7,5195
23,8,5860
23,9,5865
23,10,6519
23,11,6509
23,12,5328
23,13,4790
23,14,2722
23,15,3855
23,16,4838
23,17,7658
23,18,7600
23,19,7168
23,20,3510
23,21,3135
23,22,2970
23,24,3401
23,25,3168
23,26,3160
23,27,5593
23,28,3726
23,29,3965
23,30,7881
23,31,8957
23,32,7172
23,33,8110
23,34,7344
23,35,7734
23,36,7500
23,37,8538
23,38,8513
23,39,7045
23,40,8206
23,41,6481
23,42,6037
23,43,7802
23,44,7738
23,45,6851
23,46,6576
23,47,7177
23,48,6427
23,49,9086
23,50,9053
23,51,6973
23,52,8033
23,53,7068
23,54,7278
23,55,6741
23,56,8157
23,57,8257
23,58,7259
23,59,8187
23,60,6523
23,61,7219
23,62,7331
23,63,8617
23,64,8158
23,65,7393
23,66,9116
23,67,7445
24,1,16009
24,2,15420
24,3,15688
24,4,15484
24,5,16498
24,6,15861
24,7,6295
24,8,3793
24,9,4473
24,10,4737
24,11,4613
24,12,2371
24,13,2555
24,14,4149
24,15,879
24,16,1670
24,17,5349
24,18,5292
24,19,4893
24,20,1844
24,21,296
24,22,599
24,23,3401
24,25,1410
24,26,1438
24,27,3212
24,28,1087
24,29,2206
24,30,10281
24,31,11211
24,32,9413
24,33,10036
24,34,10057
24,35,10313
24,36,9874
24,37,10887
24,38,10876
24,39,9502
24,40,10516
24,41,8698
24,42,8670
24,43,10309
24,44,9655
24,45,9407
24,46,8445
24,47,8971
24,48,8945
24,49,11900
24,50,11785
24,51,9881
24,52,10455
24,53,9158
24,54,9275
24,55,9432
24,56,10905
24,57,10920
24,58,9706
24,59,10558
24,60,9139
24,61,9658
24,62,9865
24,63,11388
24,64,10905
24,65,9265
24,66,10963
24,67,9272
25,1,16417
25,2,15157
25,3,15606
25,4,15136
25,5,15990
25,6,15429
25,7,4908
25,8,2894
25,9,3308
25,10,3740
25,11,3664
25,12,2190
25,13,1688
25,14,2946
25,15,2286
25,16,2949
25,17,4649
25,18,4590
25,19,4160
25,20,512
25,21,1215
25,22,930
25,23,3168
25,24,1410
25,26,30
25,27,2488
25,28,717
25,29,992
25,30,9008
25,31,9886
25,32,8122
25,33,8677
25,34,8887
25,35,9090
25,36,8604
25,37,9588
25,38,9581
25,39,8264
25,40,9217
25,41,7419
25,42,7513
25,43,9064
25,44,8301
25,45,8201
25,46,7106
25,47,7611
25,48,7740
25,49,10721
25,50,10576
25,51,8802
25,52,9184
25,53,7841
25,54,7940
25,55,8273
25,56,9726
25,57,9709
25,58,8459
25,59,9272
25,60,7961
25,61,8411
25,62,8640
25,63,10205
25,64,9726
25,65,7911
25,66,9582
25,67,7911
26,1,16412
26,2,15140
26,3,15592
26,4,15118
26,5,15968
26,6,15409
26,7,4878
26,8,2887
26,9,3292
26,10,3729
26,11,3655
26,12,2204
26,13,1686
26,14,2918
26,15,2315
26,16,2978
26,17,4646
26,18,4586
26,19,4156
26,20,495
26,21,1242
26,22,954
26,23,3160
26,24,1438
26,25,30
26,27,2487
26,28,742
26,29,979
26,30,8979
26,31,9856
26,32,8093
26,33,8648
26,34,8859
26,35,9061
26,36,8575
26,37,9558
26,38,9551
26,39,8235
26,40,9187
26,41,7390
26,42,7485
26,43,9035
26,44,8271
26,45,8172
26,46,7076
26,47,7581
26,48,7712
26,49,10693
26,50,10547
26,51,8774
26,52,9155
26,53,7812
26,54,7910
26,55,8245
26,56,9698
26,57,9680
26,58,8430
26,59,9242
26,60,7933
26,61,8382
26,62,8611
26,63,10177
26,64,9698
26,65,7881
26,66,9552
26,67,7882
27,1,18769
27,2,16872
27,3,17491
27,4,16727
27,5,17075
27,6,16816
27,7,5095
27,8,675
27,9,1718
27,10,1624
27,11,1460
27,12,1170
27,13,806
27,14,4378
27,15,3796
27,16,3799
27,17,2183
27,18,2123
27,19,1703
27,20,2085
27,21,3239
27,22,3129
27,23,5593
27,24,3212
27,25,2488
27,26,2487
27,28,2204
27,29,1634
27,30,9382
27,31,9950
27,32,8506
27,33,8656
27,34,9625
27,35,9640
27,36,9029
27,37,9801
27,38,9810
27,39,8838
27,40,9460
27,41,7926
27,42,8419
27,43,9540
27,44,8343
27,45,8891
27,46,7356
27,47,7683
27,48,8480
27,49,11258
27,50,11035
27,51,9791
27,52,9549
27,53,8138
27,54,8129
27,55,9097
27,56,10357
27,57,10242
27,58,8984
27,59,9567
27,60,8762
27,61,8938
27,62,9225
27,63,10780
27,64,10357
27,65,7991
27,66,9321
27,67,7950
28,1,16855
28,2,15809
28,3,16216
28,4,15806
28,5,16692
28,6,16116
28,7,5486
28,8,2740
28,9,3386
28,10,3669
28,11,3555
28,12,1613
28,13,1488
28,14,3649
28,15,1874
28,16,2360
28,17,4381
28,18,4322
28,19,3906
28,20,906
28,21,1047
28,22,930
28,23,3726
28,24,1087
28,25,717
28,26,742
28,27,2204
28,29,1155
28,30,9665
28,31,10509
28,32,8773
28,33,9275
28,34,9579
28,35,9766
28,36,9264
28,37,10229
28,38,10224
28,39,8937
28,40,9859
28,41,8079
28,42,8211
28,43,9732
28,44,8905
28,45,8885
28,46,7728
28,47,8212
28,48,8426
28,49,11407
28,50,11253
28,51,9510
28,52,9841
28,53,8478
28,54,8562
28,55,8968
28,56,10414
28,57,10388
28,58,9128
28,59,9921
28,60,8653
28,61,9080
28,62,9317
28,63,10891
28,64,10414
28,65,8516
28,66,10149
28,67,8511
29,1,17171
29,2,15576
29,3,16116
29,4,15501
29,5,16181
29,6,15717
29,7,4453
29,8,1937
29,9,2327
29,10,2752
29,11,2683
29,12,1773
29,13,847
29,14,3003
29,15,3026
29,16,3469
29,17,3723
29,18,3664
29,19,3231
29,20,496
29,21,2092
29,22,1860
29,23,3965
29,24,2206
29,25,992
29,26,979
29,27,1634
29,28,1155
29,30,8726
29,31,9500
29,32,7827
29,33,8237
29,34,8753
29,35,8880
29,36,8335
29,37,9253
29,38,9252
29,39,8049
29,40,8887
29,41,7160
29,42,7427
29,43,8823
29,44,7877
29,45,8034
29,46,6737
29,47,7185
29,48,7586
29,49,10535
29,50,10356
29,51,8775
29,52,8901
29,53,7506
29,54,7565
29,55,8165
29,56,9561
29,57,9503
29,58,8228
29,59,8963
29,60,7837
29,61,8179
29,62,8437
29,63,10025
29,64,9561
29,65,7493
29,66,9072
29,67,7479
30,1,9776
30,2,7693
30,3,8336
30,4,7482
30,5,7697
30,6,7471
30,7,4322
30,8,8878
30,9,7809
30,10,8367
30,11,8566
30,12,10310
30,13,9169
30,14,6133
30,15,11106
30,16,11935
30,17,9390
30,18,9384
30,19,9282
30,20,8776
30,21,10001
30,22,9683
30,23,7881
30,24,10281
30,25,9008
30,26,8979
30,27,9382
30,28,9665
30,29,8726
30,31,1088
30,32,899
30,33,1144
30,34,958
30,35,490
30,36,407
30,37,657
30,38,632
30,39,836
30,40,367
30,41,1589
30,42,1866
30,43,286
30,44,1225
30,45,1055
30,46,2028
30,47,1752
30,48,1454
30,49,1877
30,50,1656
30,51,1645
30,52,176
30,53,1246
30,54,1274
30,55,1290
30,56,1095
30,57,897
30,58,622
30,59,306
30,60,1399
30,61,663
30,62,609
30,63,1422
30,64,1094
30,65,1470
30,66,1655
30,67,1542
31,1,9355
31,2,7337
31,3,7959
31,4,7103
31,5,7141
31,6,7018
31,7,5047
31,8,9384
31,9,8290
31,10,8752
31,11,8957
31,12,10969
31,13,9847
31,14,7087
31,15,12059
31,16,12834
31,17,9614
31,18,9618
31,19,9587
31,20,9606
31,21,10940
31,22,10618
31,23,8957
31,24,11211
31,25,9886
31,26,9856
31,27,9950
31,28,10509
31,29,9500
31,30,1088
31,32,1830
31,33,1294
31,34,1887
31,35,1383
31,36,1457
31,37,448
31,38,484
31,39,1917
31,40,751
31,41,2551
31,42,2954
31,43,1239
31,44,1628
31,45,2143
31,46,2782
31,47,2317
31,48,2536
31,49,1643
31,50,1367
31,51,2532
31,52,960
31,53,2053
31,54,1947
31,55,2350
31,56,1486
31,57,1222
31,58,1706
31,59,785
31,60,2486
31,61,1744
31,62,1683
31,63,1453
31,64,1485
31,65,2007
31,66,965
31,67,2028
32,1,10615
32,2,8523
32,3,9170
32,4,8322
32,5,8578
32,6,8331
32,7,3430
32,8,8019
32,9,6963
32,10,7552
32,11,7747
32,12,9417
32,13,8275
32,14,5272
32,15,10248
32,16,11057
32,17,8635
32,18,8624
32,19,8492
32,20,7881
32,21,9136
32,22,8816
32,23,7172
32,24,9413
32,25,8122
32,26,8093
32,27,8506
32,28,8773
32,29,7827
32,30,899
32,31,1830
32,33,1083
32,34,1328
32,35,1152
32,36,522
32,37,1474
32,38,1463
32,39,540
32,40,1105
32,41,722
32,42,1380
32,43,1034
32,44,855
32,45,818
32,46,1154
32,47,1027
32,48,926
32,49,2755
32,50,2546
32,51,1883
32,52,1074
32,53,398
32,54,565
32,55,1198
32,56,1873
32,57,1736
32,58,550
32,59,1150
32,60,1069
32,61,518
32,62,813
32,63,2274
32,64,1873
32,65,841
32,66,2011
32,67,942
33,1,10627
33,2,8585
33,3,9216
33,4,8357
33,5,8432
33,6,8292
33,7,3791
33,8,8095
33,9,7002
33,10,7484
33,11,7688
33,12,9677
33,13,8559
33,14,5979
33,15,10901
33,16,11623
33,17,8406
33,18,8406
33,19,8347
33,20,8369
33,21,9777
33,22,9454
33,23,8110
33,24,10036
33,25,8677
33,26,8648
33,27,8656
33,28,9275
33,29,8237
33,30,1144
33,31,1294
33,32,1083
33,34,2049
33,35,1630
33,36,1143
33,37,1208
33,38,1230
33,39,1517
33,40,962
33,41,1659
33,42,2462
33,43,1429
33,44,386
33,45,1818
33,46,1610
33,47,1067
33,48,2008
33,49,2773
33,50,2508
33,51,2718
33,52,1218
33,53,1051
33,54,832
33,55,2173
33,56,2194
33,57,1955
33,58,1392
33,59,1115
33,60,2120
33,61,1395
33,62,1572
33,63,2417
33,64,2193
33,65,773
33,66,1008
33,67,766
34,1,9414
34,2,7320
34,3,7967
34,4,7136
34,5,7509
34,6,7191
34,7,4539
34,8,9190
34,9,8169
34,10,8799
34,11,8988
34,12,10438
34,13,9299
34,14,5946
34,15,10828
34,16,11726
34,17,9929
34,18,9916
34,19,9761
34,20,8726
34,21,9765
34,22,9460
34,23,7344
34,24,10057
34,25,8887
34,26,8859
34,27,9625
34,28,9579
34,29,8753
34,30,958
34,31,1887
34,32,1328
34,33,2049
34,35,511
34,36,936
34,37,1446
34,38,1407
34,39,838
34,40,1297
34,41,1721
34,42,1387
34,43,693
34,44,2024
34,45,734
34,46,2403
34,47,2355
34,48,1167
34,49,1844
34,50,1742
34,51,687
34,52,988
34,53,1720
34,54,1880
34,55,626
34,56,849
34,57,913
34,58,780
34,59,1173
34,60,926
34,61,810
34,62,522
34,63,1332
34,64,849
34,65,2143
34,66,2601
34,67,2237
35,1,9464
35,2,7371
35,3,8018
35,4,7171
35,5,7456
35,6,7189
35,7,4548
35,8,9165
35,9,8114
35,10,8704
35,11,8899
35,12,10518
35,13,9374
35,14,6171
35,15,11111
35,16,11979
35,17,9772
35,18,9763
35,19,9641
35,20,8893
35,21,10026
35,22,9714
35,23,7734
35,24,10313
35,25,9090
35,26,9061
35,27,9640
35,28,9766
35,29,8880
35,30,490
35,31,1383
35,32,1152
35,33,1630
35,34,511
35,36,647
35,37,938
35,38,900
35,39,832
35,40,797
35,41,1729
35,42,1705
35,43,204
35,44,1676
35,45,912
35,46,2303
35,47,2127
35,48,1371
35,49,1656
35,50,1487
35,51,1188
35,52,483
35,53,1545
35,54,1639
35,55,1004
35,56,722
35,57,623
35,58,658
35,59,665
35,60,1217
35,61,706
35,62,450
35,63,1150
35,64,721
35,65,1872
35,66,2098
35,67,1954
36,1,10098
36,2,8007
36,3,8653
36,4,7804
36,5,8056
36,6,7810
36,7,3951
36,8,8540
36,9,7482
36,10,8063
36,11,8258
36,12,9936
36,13,8793
36,14,5726
36,15,10699
36,16,11528
36,17,9125
36,18,9117
36,19,8995
36,20,8377
36,21,9594
36,22,9276
36,23,7500
36,24,9874
36,25,8604
36,26,8575
36,27,9029
36,28,9264
36,29,8335
36,30,407
36,31,1457
36,32,522
36,33,1143
36,34,936
36,35,647
36,37,1047
36,38,1027
36,39,471
36,40,707
36,41,1185
36,42,1518
36,43,512
36,44,1088
36,45,742
36,46,1675
36,47,1482
36,48,1084
36,49,2234
36,50,2029
36,51,1582
36,52,581
36,53,904
36,54,994
36,55,1054
36,56,1360
36,57,1214
36,58,278
36,59,699
36,60,1081
36,61,303
36,62,432
36,63,1752
36,64,1360
36,65,1236
36,66,1873
36,67,1323
37,1,9436
37,2,7382
37,3,8016
37,4,7157
37,5,7276
37,6,7106
37,7,4812
37,8,9262
37,9,8176
37,10,8681
37,11,8884
37,12,10781
37,13,9647
37,14,6745
37,15,11722
37,16,12528
37,17,9614
37,18,9614
37,19,9553
37,20,9332
37,21,10610
37,22,10290
37,23,8538
37,24,10887
37,25,9588
37,26,9558
37,27,9801
37,28,10229
37,29,9253
37,30,657
37,31,448
37,32,1474
37,33,1208
37,34,1446
37,35,938
37,36,1047
37,38,41
37,39,1493
37,40,371
37,41,2192
37,42,2519
37,43,791
37,44,1466
37,45,1704
37,46,2516
37,47,2120
37,48,2111
37,49,1566
37,50,1300
37,51,2103
37,52,515
37,53,1752
37,54,1695
37,55,1902
37,56,1149
37,57,881
37,58,1279
37,59,351
37,60,2045
37,61,1320
37,62,1238
37,63,1245
37,64,1148
37,65,1811
37,66,1249
37,67,1853
38,1,9421
38,2,7365
38,3,7999
38,4,7141
38,5,7266
38,6,7092
38,7,4813
38,8,9273
38,9,8188
38,10,8697
38,11,8900
38,12,10785
38,13,9651
38,14,6733
38,15,11710
38,16,12519
38,17,9636
38,18,9636
38,19,9572
38,20,9327
38,21,10599
38,22,10279
38,23,8513
38,24,10876
38,25,9581
38,26,9551
38,27,9810
38,28,10224
38,29,9252
38,30,632
38,31,484
38,32,1463
38,33,1230
38,34,1407
38,35,900
38,36,1027
38,37,41
38,39,1468
38,40,366
38,41,2180
38,42,2490
38,43,756
38,44,1479
38,45,1675
38,46,2516
38,47,2127
38,48,2086
38,49,1543
38,50,1280
38,51,2063
38,52,485
38,53,1748
38,54,1697
38,55,1868
38,56,1110
38,57,842
38,58,1254
38,59,329
38,60,2015
38,61,1295
38,62,1207
38,63,1214
38,64,1109
38,65,1820
38,66,1290
38,67,1864
39,1,10230
39,2,8135
39,3,8783
39,4,7944
39,5,8270
39,6,7982
39,7,3743
39,8,8383
39,9,7349
39,10,7969
39,11,8159
39,12,9695
39,13,8552
39,14,5355
39,15,10312
39,16,11165
39,17,9091
39,18,9078
39,19,8926
39,20,8062
39,21,9218
39,22,8903
39,23,7045
39,24,9502
39,25,8264
39,26,8235
39,27,8838
39,28,8937
39,29,8049
39,30,836
39,31,1917
39,32,540
39,33,1517
39,34,838
39,35,832
39,36,471
39,37,1493
39,38,1468
39,40,1171
39,41,912
39,42,1047
39,43,807
39,44,1362
39,45,302
39,46,1566
39,47,1552
39,48,619
39,49,2486
39,50,2317
39,51,1345
39,52,992
39,53,905
39,54,1104
39,55,670
39,56,1526
39,57,1455
39,58,214
39,59,1141
39,60,620
39,61,174
39,62,390
39,63,1978
39,64,1525
39,65,1381
39,66,2329
39,67,1482
40,1,9751
40,2,7685
40,3,8323
40,4,7465
40,5,7615
40,6,7428
40,7,4450
40,8,8930
40,9,7849
40,10,8373
40,11,8575
40,12,10426
40,13,9290
40,14,6377
40,15,11353
40,16,12157
40,17,9342
40,18,9339
40,19,9262
40,20,8962
40,21,10240
40,22,9920
40,23,8206
40,24,10516
40,25,9217
40,26,9187
40,27,9460
40,28,9859
40,29,8887
40,30,367
40,31,751
40,32,1105
40,33,962
40,34,1297
40,35,797
40,36,707
40,37,371
40,38,366
40,39,1171
40,41,1825
40,42,2214
40,43,604
40,44,1155
40,45,1411
40,46,2151
40,47,1779
40,48,1789
40,49,1849
40,50,1597
40,51,1982
40,52,315
40,53,1382
40,54,1337
40,55,1657
40,56,1242
40,57,996
40,58,962
40,59,158
40,60,1756
40,61,998
40,62,976
40,63,1460
40,64,1241
40,65,1475
40,66,1304
40,67,1526
41,1,11133
41,2,9039
41,3,9686
41,4,8851
41,5,9180
41,6,8893
41,7,2832
41,8,7475
41,9,6448
41,10,7083
41,11,7270
41,12,8789
41,13,7645
41,14,4553
41,15,9530
41,16,10347
41,17,8238
41,18,8222
41,19,8052
41,20,7193
41,21,8420
41,22,8101
41,23,6481
41,24,8698
41,25,7419
41,26,7390
41,27,7926
41,28,8079
41,29,7160
41,30,1589
41,31,2551
41,32,722
41,33,1659
41,34,1721
41,35,1729
41,36,1185
41,37,2192
41,38,2180
41,39,912
41,40,1825
41,42,1054
41,43,1663
41,44,1323
41,45,1005
41,46,762
41,47,1054
41,48,736
41,49,3382
41,50,3196
41,51,2082
41,52,1765
41,53,611
41,54,863
41,55,1315
41,56,2436
41,57,2348
41,58,1071
41,59,1860
41,60,1025
41,61,1023
41,62,1300
41,63,2879
41,64,2435
41,65,1081
41,66,2651
41,67,1173
42,1,10536
42,2,8469
42,3,9108
42,4,8309
42,5,8786
42,6,8413
42,7,3432
42,8,8047
42,9,7090
42,10,7784
42,11,7957
42,12,9149
42,13,8023
42,14,4568
42,15,9443
42,16,10339
42,17,9017
42,18,8995
42,19,8778
42,20,7372
42,21,8378
42,22,8073
42,23,6037
42,24,8670
42,25,7513
42,26,7485
42,27,8419
42,28,8211
42,29,7427
42,30,1866
42,31,2954
42,32,1380
42,33,2462
42,34,1387
42,35,1705
42,36,1518
42,37,2519
42,38,2490
42,39,1047
42,40,2214
42,41,1054
42,43,1765
42,44,2211
42,45,816
42,46,1782
42,47,2097
42,48,456
42,49,3231
42,50,3124
42,51,1372
42,52,2006
42,53,1541
42,54,1808
42,55,763
42,56,2236
42,57,2271
42,58,1252
42,59,2171
42,60,488
42,61,1218
42,62,1295
42,63,2719
42,64,2236
42,65,2069
42,66,3353
42,67,2169
43,1,9587
43,2,7497
43,3,8143
43,4,7293
43,5,7547
43,6,7298
43,7,4458
43,8,9052
43,9,7993
43,10,8570
43,11,8766
43,12,10439
43,13,9296
43,14,6161
43,15,11118
43,16,11971
43,17,9618
43,18,9611
43,19,9497
43,20,8851
43,21,10024
43,22,9709
43,23,7802
43,24,10309
43,25,9064
43,26,9035
43,27,9540
43,28,9732
43,29,8823
43,30,286
43,31,1239
43,32,1034
43,33,1429
43,34,693
43,35,204
43,36,512
43,37,791
43,38,756
43,39,807
43,40,604
43,41,1663
43,42,1765
43,44,1489
43,45,952
43,46,2187
43,47,1970
43,48,1394
43,49,1727
43,50,1533
43,51,1378
43,52,297
43,53,1414
43,54,1484
43,55,1113
43,56,857
43,57,702
43,58,605
43,59,484
43,60,1281
43,61,653
43,62,471
43,63,1240
43,64,857
43,65,1704
43,66,1908
43,67,1783
44,1,10900
44,2,8839
44,3,9475
44,4,8617
44,5,8736
44,6,8571
44,7,3426
44,8,7797
44,9,6710
44,10,7221
44,11,7423
44,12,9345
44,13,8220
44,14,5592
44,15,10519
44,16,11248
44,17,8192
44,18,8188
44,19,8107
44,20,8000
44,21,9395
44,22,9071
44,23,7738
44,24,9655
44,25,8301
44,26,8271
44,27,8343
44,28,8905
44,29,7877
44,30,1225
44,31,1628
44,32,855
44,33,386
44,34,2024
44,35,1676
44,36,1088
44,37,1466
44,38,1479
44,39,1362
44,40,1155
44,41,1323
44,42,2211
44,43,1489
44,45,1658
44,46,1224
44,47,694
44,48,1766
44,49,3003
44,50,2749
44,51,2657
44,52,1344
44,53,714
44,54,467
44,55,2032
44,56,2318
44,57,2104
44,58,1288
44,59,1290
44,60,1923
44,61,1278
44,62,1512
44,63,2603
44,64,2317
44,65,391
44,66,1386
44,67,400
45,1,10141
45,2,8048
45,3,8695
45,4,7866
45,5,8241
45,6,7924
45,7,3807
45,8,8460
45,9,7445
45,10,8087
45,11,8273
45,12,9709
45,13,8569
45,14,5271
45,15,10201
45,16,11074
45,17,9242
45,18,9226
45,19,9057
45,20,8022
45,21,9119
45,22,8808
45,23,6851
45,24,9407
45,25,8201
45,26,8172
45,27,8891
45,28,8885
45,29,8034
45,30,1055
45,31,2143
45,32,818
45,33,1818
45,34,734
45,35,912
45,36,742
45,37,1704
45,38,1675
45,39,302
45,40,1411
45,41,1005
45,42,816
45,43,952
45,44,1658
45,46,1729
45,47,1796
45,48,462
45,49,2521
45,50,2381
45,51,1110
45,52,1190
45,53,1149
45,54,1371
45,55,381
45,56,1531
45,57,1514
45,58,464
45,59,1358
45,60,345
45,61,442
45,62,481
45,63,2006
45,64,1531
45,65,1651
45,66,2614
45,67,1753
46,1,11767
46,2,9673
46,3,10320
46,4,9474
46,5,9725
46,6,9485
46,7,2300
46,8,6865
46,9,5811
46,10,6411
46,11,6603
46,12,8286
46,13,7146
46,14,4369
46,15,9304
46,16,10055
46,17,7526
46,18,7512
46,19,7362
46,20,6826
46,21,8181
46,22,7858
46,23,6576
46,24,8445
46,25,7106
46,26,7076
46,27,7356
46,28,7728
46,29,6737
46,30,2028
46,31,2782
46,32,1154
46,33,1610
46,34,2403
46,35,2303
46,36,1675
46,37,2516
46,38,2516
46,39,1566
46,40,2151
46,41,762
46,42,1782
46,43,2187
46,44,1224
46,45,1729
46,47,601
46,48,1499
46,49,3902
46,50,3684
46,51,2829
46,52,2198
46,53,783
46,54,834
46,55,2064
46,56,3025
46,57,2889
46,58,1667
46,59,2237
46,60,1786
46,61,1625
46,62,1925
46,63,3427
46,64,3024
46,65,842
46,66,2598
46,67,877
47,1,11520
47,2,9442
47,3,10084
47,4,9228
47,5,9393
47,6,9203
47,7,2733
47,8,7152
47,9,6073
47,10,6617
47,11,6816
47,12,8666
47,13,7537
47,14,4935
47,15,9837
47,16,10557
47,17,7648
47,18,7640
47,19,7531
47,20,7306
47,21,8713
47,22,8389
47,23,7177
47,24,8971
47,25,7611
47,26,7581
47,27,7683
47,28,8212
47,29,7185
47,30,1752
47,31,2317
47,32,1027
47,33,1067
47,34,2355
47,35,2127
47,36,1482
47,37,2120
47,38,2127
47,39,1552
47,40,1779
47,41,1054
47,42,2097
47,43,1970
47,44,694
47,45,1796
47,46,601
47,48,1718
47,49,3610
47,50,3369
47,51,2895
47,52,1902
47,53,649
47,54,487
47,55,2170
47,56,2827
47,57,2648
47,58,1575
47,59,1894
47,60,1960
47,61,1545
47,62,1836
47,63,3173
47,64,2827
47,65,311
47,66,2022
47,67,301
48,1,10525
48,2,8438
48,3,9083
48,4,8264
48,5,8671
48,6,8337
48,7,3416
48,8,8068
48,9,7072
48,10,7735
48,11,7916
48,12,9273
48,13,8136
48,14,4809
48,15,9740
48,16,10612
48,17,8924
48,18,8906
48,19,8717
48,20,7566
48,21,8657
48,22,8346
48,23,6427
48,24,8945
48,25,7740
48,26,7712
48,27,8480
48,28,8426
48,29,7586
48,30,1454
48,31,2536
48,32,926
48,33,2008
48,34,1167
48,35,1371
48,36,1084
48,37,2111
48,38,2086
48,39,619
48,40,1789
48,41,736
48,42,456
48,43,1394
48,44,1766
48,45,462
48,46,1499
48,47,1718
48,49,2981
48,50,2843
48,51,1381
48,52,1606
48,53,1121
48,54,1383
48,55,626
48,56,1988
48,57,1976
48,58,832
48,59,1760
48,60,302
48,61,793
48,62,930
48,63,2465
48,64,1988
48,65,1654
48,66,2900
48,67,1756
49,1,7909
49,2,5837
49,3,6477
49,4,5620
49,5,5823
49,6,5596
49,7,6184
49,8,10754
49,9,9682
49,10,10220
49,11,10421
49,12,12166
49,13,11023
49,14,7786
49,15,12665
49,16,13570
49,17,11180
49,18,11179
49,19,11110
49,20,10540
49,21,11609
49,22,11304
49,23,9086
49,24,11900
49,25,10721
49,26,10693
49,27,11258
49,28,11407
49,29,10535
49,30,1877
49,31,1643
49,32,2755
49,33,2773
49,34,1844
49,35,1656
49,36,2234
49,37,1566
49,38,1543
49,39,2486
49,40,1849
49,41,3382
49,42,3231
49,43,1727
49,44,3003
49,45,2521
49,46,3902
49,47,3610
49,48,2981
49,50,277
49,51,2113
49,52,1714
49,53,3121
49,54,3144
49,55,2468
49,56,997
49,57,1033
49,58,2311
49,59,1720
49,60,2766
49,61,2359
49,62,2099
49,63,516
49,64,997
49,65,3314
49,66,2594
49,67,3371
50,1,8154
50,2,6089
50,3,6726
50,4,5868
50,5,6042
50,6,5834
50,7,5976
50,8,10520
50,9,9443
50,10,9970
50,11,10172
50,12,11964
50,13,10821
50,14,7652
50,15,12567
50,16,13453
50,17,10914
50,18,10914
50,19,10851
50,20,10378
50,21,11495
50,22,11186
50,23,9053
50,24,11785
50,25,10576
50,26,10547
50,27,11035
50,28,11253
50,29,10356
50,30,1656
50,31,1367
50,32,2546
50,33,2508
50,34,1742
50,35,1487
50,36,2029
50,37,1300
50,38,1280
50,39,2317
50,40,1597
50,41,3196
50,42,3124
50,43,1533
50,44,2749
50,45,2381
50,46,3684
50,47,3369
50,48,2843
50,49,277
50,51,2097
50,52,1487
50,53,2901
50,54,2910
50,55,2367
50,56,900
50,57,868
50,58,2130
50,59,1476
50,60,2648
50,61,2179
50,62,1936
50,63,439
50,64,900
50,65,3069
50,66,2319
50,67,3123
51,1,9174
51,2,7100
51,3,7741
51,4,6938
51,5,7423
51,6,7042
51,7,4775
51,8,9412
51,9,8437
51,10,9111
51,11,9290
51,12,10511
51,13,9389
51,14,5861
51,15,10605
51,16,11540
51,17,10305
51,18,10287
51,19,10096
51,20,8695
51,21,9586
51,22,9293
51,23,6973
51,24,9881
51,25,8802
51,26,8774
51,27,9791
51,28,9510
51,29,8775
51,30,1645
51,31,2532
51,32,1883
51,33,2718
51,34,687
51,35,1188
51,36,1582
51,37,2103
51,38,2063
51,39,1345
51,40,1982
51,41,2082
51,42,1372
51,43,1378
51,44,2657
51,45,1110
51,46,2829
51,47,2895
51,48,1381
51,49,2113
51,50,2097
51,52,1670
51,53,2247
51,54,2447
51,55,768
51,56,1235
51,57,1414
51,58,1371
51,59,1853
51,60,1080
51,61,1387
51,62,1150
51,63,1658
51,64,1236
51,65,2723
51,66,3285
51,67,2822
52,1,9619
52,2,7539
52,3,8182
52,4,7327
52,5,7529
52,6,7310
52,7,4494
52,8,9040
52,9,7968
52,10,8519
52,11,8718
52,12,10482
52,13,9341
52,14,6307
52,15,11278
52,16,12109
52,17,9527
52,18,9522
52,19,9428
52,20,8952
52,21,10175
52,22,9857
52,23,8033
52,24,10455
52,25,9184
